Version 0.9.7
6
 4 10 175 77 128 0 1
 5 1066 749 206 81 2 2
 0 1003 413 877 276 8 3
 6 1271 193 449 130 140 4
 0 107 419 877 276 331 6
 6 287 237 449 130 473 7
 1
136
 16711680 5 1823 661 1823 661 1894 661 1894 427 1823 427 1823 427 0 3 0 3
 255 5 1823 674 1823 674 1874 674 1874 440 1823 440 1823 440 0 3 0 3
 255 5 1081 760 1081 760 1047 760 1047 674 1056 674 1056 674 0 2 0 3
 16711680 5 1225 583 1225 583 1225 583 1225 661 1225 661 1225 661 0 3 0 3
 16711680 5 1316 583 1316 583 1316 583 1316 661 1316 661 1316 661 0 3 0 3
 255 5 1134 440 1134 440 1134 440 1134 518 1134 518 1134 518 0 3 0 3
 255 5 1238 518 1238 518 1238 518 1238 440 1238 440 1238 440 0 3 0 3
 255 5 1251 440 1251 440 1251 220 1251 220 1287 220 1287 220 0 3 0 4
 255 5 1030 518 1030 518 1030 440 1030 440 1069 440 1069 440 0 3 0 3
 16711680 5 1121 583 1121 583 1121 583 1121 661 1121 661 1121 661 0 3 0 3
 16744448 5 1056 583 1059 583 1059 664 1212 664 1212 583 1212 583 0 3 0 3
 16744448 5 1134 583 1134 583 1134 641 1035 641 1035 583 1043 583 0 3 0 3
 16744448 5 1095 583 1095 583 1095 601 1149 601 1149 583 1147 583 0 3 0 3
 16744448 5 1108 583 1108 583 1108 620 1199 620 1199 583 1199 583 0 3 0 3
 12615935 5 1043 596 1043 596 1238 596 1238 596 1238 583 1238 583 0 3 0 3
 12615935 5 1108 622 1108 622 1108 665 1251 665 1251 622 1251 622 0 3 0 3
 16711935 5 1147 518 1147 518 1147 373 1685 373 1685 316 1685 316 0 3 0 4
 16711935 5 1698 316 1698 316 1698 381 1160 381 1160 518 1160 518 0 4 0 3
 16711935 5 1173 518 1173 518 1173 390 1620 390 1620 316 1620 316 0 3 0 4
 16711935 5 1186 518 1186 518 1186 399 1633 399 1633 316 1633 316 0 3 0 4
 16711935 5 1199 518 1199 518 1199 414 1646 414 1646 316 1646 316 0 3 0 4
 16711935 5 1212 518 1212 518 1212 423 1659 423 1659 316 1659 316 0 3 0 4
 16711935 5 1225 518 1225 518 1225 434 1672 434 1672 316 1672 316 0 3 0 4
 255 5 1342 518 1342 518 1342 518 1342 440 1342 440 1342 440 0 3 0 3
 255 5 1446 518 1446 518 1446 518 1446 440 1446 440 1446 440 0 3 0 3
 16711680 5 1433 583 1433 583 1433 583 1433 661 1433 661 1433 661 0 3 0 3
 16711680 5 1537 583 1537 583 1537 583 1537 661 1537 661 1537 661 0 3 0 3
 12615935 5 1459 518 1459 518 1459 362 1581 362 1581 316 1581 316 0 3 0 4
 12615935 5 1472 518 1472 518 1472 371 1594 371 1594 316 1594 316 0 3 0 4
 12615935 5 1485 518 1485 518 1485 393 1516 393 1516 316 1516 316 0 3 0 4
 12615935 5 1498 518 1498 518 1498 410 1529 410 1529 316 1529 316 0 3 0 4
 12615935 5 1511 518 1511 518 1542 518 1542 518 1542 316 1542 316 0 3 0 4
 12615935 5 1524 518 1524 518 1555 518 1555 518 1555 316 1555 316 0 3 0 4
 12615935 5 1537 518 1537 518 1537 443 1568 443 1568 316 1568 316 0 3 0 4
 16744448 5 1368 583 1369 583 1369 651 1524 651 1524 583 1524 583 0 3 0 3
 16744448 5 1355 583 1355 583 1355 635 1446 635 1446 583 1446 583 0 3 0 3
 16744448 5 1459 583 1459 583 1459 627 1405 627 1405 583 1407 583 0 3 0 3
 16744448 5 1420 583 1420 583 1420 557 1511 557 1511 583 1511 583 0 3 0 3
 12615935 5 1355 622 1355 622 1355 645 1277 645 1277 622 1277 622 0 3 0 3
 12615935 5 1407 609 1407 609 1407 656 1290 656 1290 622 1290 622 0 3 0 3
 16777088 5 1056 518 1056 518 1056 552 1264 552 1264 583 1264 583 0 3 0 3
 16777088 5 1368 518 1368 518 1368 543 1303 543 1303 583 1303 583 0 3 0 3
 16777088 5 1264 596 1264 596 1394 596 1394 596 1394 583 1394 583 0 3 0 3
 16711680 5 1081 818 1081 818 1081 661 1081 661 1082 661 1082 661 0 2 0 3
 16711680 5 71 288 71 288 71 667 71 667 160 667 160 667 0 1 0 6
 16711680 5 71 275 71 275 71 433 71 433 160 433 160 433 0 1 0 6
 255 5 71 228 71 228 71 446 71 446 160 446 160 446 0 1 0 6
 255 5 71 215 71 215 71 680 71 680 160 680 160 680 0 1 0 6
 255 5 1082 440 1082 440 927 440 927 440 927 446 927 446 0 3 0 6
 16711680 5 927 433 927 433 1056 433 1056 433 1056 427 1056 427 0 6 0 3
 16711680 5 1641 583 1641 583 1641 583 1641 661 1641 661 1641 661 0 3 0 3
 16711680 5 1745 583 1745 583 1745 583 1745 661 1745 661 1745 661 0 3 0 3
 255 5 1654 518 1654 518 1654 518 1654 440 1654 440 1654 440 0 3 0 3
 255 5 1524 440 1524 440 1550 440 1550 440 1550 479 1550 479 0 3 0 3
 12615808 5 1667 518 1667 518 1667 352 1477 352 1477 316 1477 316 0 3 0 4
 12615808 5 1490 316 1490 316 1490 338 1680 338 1680 518 1680 518 0 4 0 3
 12615808 5 1412 316 1412 316 1412 405 1693 405 1693 518 1693 518 0 4 0 3
 12615808 5 1425 316 1425 316 1425 391 1706 391 1706 518 1706 518 0 4 0 3
 12615808 5 1438 316 1438 316 1438 381 1719 381 1719 518 1719 518 0 4 0 3
 12615808 5 1451 316 1451 316 1451 373 1732 373 1732 518 1732 518 0 4 0 3
 12615808 5 1464 316 1464 316 1464 362 1745 362 1745 518 1745 518 0 4 0 3
 16744448 5 1563 583 1563 583 1563 654 1654 654 1654 583 1654 583 0 3 0 3
 16744448 5 1576 622 1576 622 1576 641 1732 641 1732 622 1732 622 0 3 0 3
 16744448 5 1628 622 1628 622 1628 636 1719 636 1719 622 1719 622 0 3 0 3
 16744448 5 1615 583 1615 583 1615 561 1667 561 1667 583 1667 583 0 3 0 3
 12615935 5 1563 609 1563 609 1563 544 1251 544 1251 518 1251 518 0 3 0 3
 12615935 5 1628 583 1628 583 1628 561 1264 561 1264 518 1264 518 0 3 0 3
 16777088 5 1277 518 1277 518 1277 491 1576 491 1576 518 1576 518 0 3 0 3
 16777088 5 1602 609 1602 609 1602 609 1303 609 1303 609 1303 609 0 3 0 3
 255 5 758 524 758 524 758 524 758 446 758 446 758 446 0 6 0 6
 255 5 862 524 862 524 862 524 862 446 862 446 862 446 0 6 0 6
 16711680 5 849 589 849 589 849 589 849 667 849 667 849 667 0 6 0 6
 16711680 5 953 589 953 589 953 667 953 667 927 667 927 667 0 6 0 6
 4194432 5 875 524 875 524 875 327 1373 327 1373 316 1373 316 0 6 0 4
 4194432 5 888 524 888 524 888 346 1386 346 1386 316 1386 316 0 6 0 4
 4194432 5 901 524 901 524 901 362 1308 362 1308 316 1308 316 0 6 0 4
 4194432 5 914 524 914 524 914 372 1321 372 1321 316 1321 316 0 6 0 4
 4194432 5 927 524 927 524 927 387 1334 387 1334 316 1334 316 0 6 0 4
 4194432 5 940 524 940 524 940 398 1347 398 1347 316 1347 316 0 6 0 4
 4194432 5 953 524 953 524 953 416 1360 416 1360 316 1360 316 0 6 0 4
 255 5 667 524 667 524 667 524 667 446 667 446 667 446 0 6 0 6
 16711680 5 745 589 745 589 745 589 745 667 745 667 745 667 0 6 0 6
 16744448 5 784 589 784 589 784 648 940 648 940 589 940 589 0 6 0 6
 16744448 5 771 589 771 589 771 563 862 563 862 589 862 589 0 6 0 6
 16744448 5 836 589 836 589 836 599 927 599 927 589 927 589 0 6 0 6
 16744448 5 823 628 823 628 823 639 875 639 875 628 875 628 0 6 0 6
 12615935 5 771 628 771 628 771 597 667 597 667 628 667 628 0 6 0 6
 12615935 5 823 615 823 615 823 652 680 652 680 628 680 628 0 6 0 6
 16777088 5 693 589 693 589 693 554 784 554 784 524 784 524 0 6 0 6
 16777088 5 1277 479 1277 479 1277 587 810 587 810 589 810 589 0 3 0 6
 16777088 5 303 264 303 264 264 264 264 264 264 446 264 446 0 7 0 6
 255 5 160 524 160 524 166 524 166 446 173 446 173 446 0 6 0 6
 255 5 264 524 264 524 264 446 264 446 277 446 277 446 0 6 0 6
 255 5 368 524 368 524 368 446 368 446 381 446 381 446 0 6 0 6
 255 5 472 524 472 524 472 446 472 446 485 446 485 446 0 6 0 6
 255 5 576 524 576 524 576 446 576 446 589 446 589 446 0 6 0 6
 16711680 5 251 589 251 589 251 589 251 667 251 667 251 667 0 6 0 6
 16711680 5 355 589 355 589 355 589 355 667 355 667 355 667 0 6 0 6
 16711680 5 459 589 459 589 459 589 459 667 459 667 459 667 0 6 0 6
 16711680 5 563 589 563 589 563 589 563 667 563 667 563 667 0 6 0 6
 16711680 5 654 589 654 589 654 589 654 667 654 667 654 667 0 6 0 6
 8388736 5 485 524 485 524 485 398 597 398 597 360 597 360 0 6 0 7
 8388736 5 498 524 498 524 498 411 610 411 610 360 610 360 0 6 0 7
 8388736 5 511 524 511 524 511 360 511 360 532 360 532 360 0 6 0 7
 8388736 5 524 524 524 524 524 360 524 360 545 360 545 360 0 6 0 7
 8388736 5 537 524 537 524 537 360 537 360 558 360 558 360 0 6 0 7
 8388736 5 550 524 550 524 550 360 550 360 571 360 571 360 0 6 0 7
 8388736 5 563 524 563 524 563 360 563 360 584 360 584 360 0 6 0 7
 16711808 5 277 524 277 524 277 379 493 379 493 360 493 360 0 6 0 7
 16711808 5 290 524 290 524 290 391 506 391 506 360 506 360 0 6 0 7
 16711808 5 303 524 303 524 302 524 302 360 428 360 428 360 0 6 0 7
 16711808 5 316 524 316 524 316 399 441 399 441 360 441 360 0 6 0 7
 16711808 5 329 524 329 524 329 411 454 411 454 360 454 360 0 6 0 7
 16711808 5 342 524 342 524 344 524 344 360 467 360 467 360 0 6 0 7
 16711808 5 355 524 355 524 355 360 355 360 480 360 480 360 0 6 0 7
 16744448 5 173 589 173 589 173 648 264 648 264 589 264 589 0 6 0 6
 16744448 5 186 589 186 589 186 644 342 644 342 589 342 589 0 6 0 6
 16744448 5 225 589 225 589 225 548 277 548 277 589 277 589 0 6 0 6
 16744448 5 238 615 238 615 238 636 329 636 329 615 329 615 0 6 0 6
 16744448 5 381 589 381 589 381 644 472 644 472 628 472 628 0 6 0 6
 16744448 5 394 628 394 628 394 650 550 650 550 628 550 628 0 6 0 6
 16744448 5 446 628 446 628 446 597 537 597 537 628 537 628 0 6 0 6
 8421440 5 394 615 394 615 394 675 706 675 706 628 706 628 0 6 0 6
 8421440 5 589 628 589 628 589 613 732 613 732 628 732 628 0 6 0 6
 8421440 5 602 589 602 589 602 548 212 548 212 589 212 589 0 6 0 6
 8421440 5 602 602 602 602 602 524 602 524 394 524 394 524 0 6 0 6
 8421440 5 433 589 433 589 433 560 485 560 485 589 485 589 0 6 0 6
 8421440 5 446 589 446 589 446 642 719 642 719 628 719 628 0 6 0 6
 12632256 5 433 602 433 602 433 551 680 551 680 524 680 524 0 6 0 6
 12632256 5 186 602 186 602 186 569 693 569 693 524 693 524 0 6 0 6
 12632256 5 706 524 706 524 706 559 576 559 576 589 576 589 0 6 0 6
 12632256 5 186 524 186 524 706 524 706 524 706 511 706 511 0 6 0 6
 12632256 5 420 589 420 589 784 589 784 589 784 511 784 511 0 6 0 6
 12632256 5 719 524 719 524 719 786 719 786 1125 786 1125 786 0 6 0 2
 12632256 5 732 524 732 524 732 773 732 773 1125 773 1125 773 0 6 0 2
 12632256 5 745 524 745 524 745 622 745 622 1082 622 1082 622 0 6 0 3
15
 7008 1 14 1232 531 5 0 0 11012 3
 7047 1 16 1128 531 5 0 0 11012 3
 7193 1 16 1024 531 5 0 0 11012 3
 7193 1 16 1336 531 5 0 0 11012 3
 7047 1 16 1440 531 5 0 0 11012 3
 7047 1 16 1648 531 5 0 0 11012 3
 7193 1 16 1544 531 5 0 0 11012 3
 7193 1 16 752 537 5 0 0 11012 6
 7047 1 16 856 537 5 0 0 11012 6
 7008 1 14 661 537 5 0 0 11012 6
 7032 1 14 570 537 5 0 0 11012 6
 7193 1 16 362 537 5 0 8583396 1978871376 6
 7193 1 16 154 537 5 0 0 11012 6
 7047 1 16 466 537 5 0 0 11012 6
 7047 1 16 258 537 5 0 0 11012 6
